# My dataset 
#  ['The current date is: Fri 05/23/2014 ', 'Enter the new date: (mm-dd-yy) '] 
#  Total of 500 numbers.
31.620  15.258  11.809  12.704  22.282
17.765  12.073  33.179  27.704  19.735
12.120  17.309  20.904  35.904  17.637
22.630  35.683  17.306  17.511  11.358
34.605  14.356  19.065  28.082  35.152
25.211  34.587  30.035  19.146  18.073
26.803  20.283  29.314  34.883  27.789
34.411  16.916  20.473  18.037  14.098
16.193  32.190  19.075  27.635  28.699
25.629  19.708  14.076  32.810  11.723
20.395  27.780  26.717  15.750  28.165
18.427  24.111  11.369  24.982  31.719
17.297  13.568  30.384  20.116  26.176
13.383  20.934  11.419  34.499  27.848
19.008  20.952  35.056  35.439  28.402
24.219  17.452  13.745  31.831  13.560
26.858  25.453  20.913  31.261  32.569
35.533  34.887  22.319  35.697  11.971
35.471  11.917  21.694  28.455  35.756
30.533  31.360  21.769  33.677  34.556
16.245  28.196  23.589  14.041  13.457
33.324  30.125  16.456  13.427  22.129
15.969  25.384  25.090  29.606  22.719
21.112  26.517  14.711  28.066  25.614
29.126  23.025  19.909  30.147  16.703
22.285  16.583  13.700  11.270  21.573
19.729  17.278  35.756  11.412  24.293
22.402  15.628  13.963  30.186  12.210
11.974  26.965  22.447  16.525  35.612
11.452  34.996  14.189  29.600  28.595
23.583  30.272  32.909  23.921  33.628
28.653  16.143  23.118  17.946  12.487
28.068  31.171  18.886  24.701  14.551
21.282  34.976  27.175  34.781  14.313
32.057  17.722  29.566  12.163  15.404
20.075  20.803  35.838  25.050  11.419
30.626  15.472  20.604  34.869  13.922
19.678  23.506  22.177  20.373  19.228
13.841  31.049  30.628  35.196  11.594
31.047  13.427  19.115  22.853  16.184
28.183  15.821  20.896  15.875  33.332
22.926  10.980  11.366  12.787  30.797
33.934  33.345  29.182  25.788  32.709
28.245  29.024  18.596  27.466  20.805
22.863  30.739  13.271  29.820  11.615
26.836  15.986  24.373  26.559  32.097
12.756  33.088  12.109  34.765  33.999
27.129  27.017  27.380  15.311  32.542
23.249  26.581  28.019  28.961  36.148
33.967  30.878  26.027  22.973  34.913
25.887  16.791  13.235  24.173  12.847
22.483  17.562  29.223  29.420  26.035
20.442  25.486  12.222  32.442  33.797
20.276  35.364  24.907  27.121  11.997
29.569  33.448  12.044  21.964  35.328
11.079  17.015  11.036  13.736  22.861
33.326  29.326  12.870  31.861  33.632
16.085  17.384  33.260  23.779  15.465
34.162  32.244  22.295  33.655  29.390
34.731  12.830  29.283  16.173  25.705
26.962  18.075  22.514  30.130  18.454
27.458  14.301  19.724  20.096  35.855
31.438  21.898  16.872  19.303  14.753
35.275  15.115  34.219  21.782  28.470
29.073  26.284  29.236  13.439  15.860
11.990  10.892  14.269  34.462  19.287
23.373  27.781  32.196  28.153  12.582
33.582  12.306  22.349  23.720  23.368
22.807  17.035  29.037  31.562  24.289
13.862  21.860  34.893  29.229  33.099
25.342  28.512  21.711  19.317  18.153
17.989  15.693  20.542  36.101  22.398
14.228  15.329  16.423  30.326  20.798
26.808  16.154  23.376  18.962  15.051
35.414  13.983  30.516  33.478  20.855
16.043  23.934  32.095  17.931  34.793
27.353  15.713  28.628  17.721  21.746
17.864  12.475  26.095  35.176  34.048
23.928  11.585  34.881  11.596  16.681
11.583  32.458  24.901  30.956  15.500
22.993  17.762  17.583  24.580  14.683
15.094  28.377  21.285  16.103  34.064
23.621  24.288  32.186  19.657  13.578
32.846  33.515  26.408  30.571  13.812
34.635  21.939  17.573  33.325  28.030
33.845  22.931  18.303  15.392  22.674
26.892  20.558  28.249  15.410  27.416
22.495  18.336  16.937  21.591  17.111
16.206  26.845  35.101  18.257  23.804
16.128  26.339  18.538  12.204  29.082
24.489  20.532  28.112  11.750  26.037
29.465  25.892  24.599  34.420  31.965
33.122  28.153  30.610  19.990  11.978
17.720  21.340  33.853  16.879  34.349
35.448  20.151  20.630  35.815  11.414
22.242  27.204  28.105  35.093  18.464
18.153  30.811  30.385  15.042  25.549
11.602  14.737  11.076  33.988  20.520
16.880  26.918  18.633  13.344  10.860
25.661  23.785  25.539  29.945  32.175
